materiau -0.16 0.020000000000000018 0.07 -0.71 -0.27 0.07 0.42999999999999994 -0.37 -0.8 -80.7
polygone 3 0.52 0.009999999999999953 -0.76 0.04 -0.06999999999999995 -0.69 0.31999999999999995 -0.39999999999999997 0.7799999999999999 

polygone 4 0.33999999999999997 -0.03 0.72 0.04999999999999993 -0.51 0.08999999999999997 0.27 -0.26000000000000006 -0.07999999999999999 -0.5 -0.36 0.010000000000000009 
polygone 4 0.33999999999999997 0.94 0.72 1.02 0.45999999999999996 2.03 0.27 0.710.89 -1.47 0.61 -1.93
polygone 4 0.33999999999999997 -0.03 0.72 0.04999999999999993 0.45999999999999996 2.03 -0.7 0.71-0.07999999999999999 -1.47 -0.36 -1.93
polygone 4 1.31 -0.03 0.72 1.02 -0.51 0.08999999999999997 0.27 0.71-0.07999999999999999 -0.5 0.61 0.010000000000000009

sphere 0.12000000000000005 -0.48 -0.44 0.24 

polygone 3 0.47000000000000003 0.55 -0.06 -0.38000000000000006 -0.14 -0.42999999999999994 0.12 0.44 -0.03 

materiau -0.4 -0.72 -0.19999999999999998 -0.35000000000000003 -0.35000000000000003 -0.12000000000000002 -0.49999999999999994 0.32000000000000006 0.73 15.440000000000005
source 0.25 3.0 -3.0  1.0 1.0 1.0